-36.898740981240984, -59.14192568542568, 65.02115154420005
-38.902847239300705, -59.04608167492106, 63.04451243974741
-40.866292497668795, -58.633101791884215, 62.230573958155226
-42.743023934084384, -57.92267383488876, 62.560310183307585
-44.50362540200715, -56.95896772148679, 63.7655009306757
-46.13348389384647, -55.78698211684479, 65.15093487890303
-47.63178406528448, -54.45050130943397, 66.65488743267113
-49.00411365254035, -52.98468404495918, 68.37625870793929
-50.25835896988912, -51.416441300369335, 69.58597881566409
-51.40284675150026, -49.7662666230492, 70.48393761081141
-52.44505529393829, -48.04958022240813, 70.92633638784348
-53.39099324978305, -46.27796620257564, 71.08507310221692
-54.244911739689975, -44.46016829480693, 67.95399287043588
-55.00910096066201, -42.60283715669745, 62.91284798440992
-55.68365070640311, -40.71110051506502, 57.4308805296173
-56.26663444795387, -38.78918232327226, 51.367201013318954
-56.752095385066326, -36.840380785213206, 44.48464988997706
-57.130430149973414, -34.86804518315462, 36.320788152193614
-57.383064152882184, -32.87583142948382, 25.681833204289706
-57.47888383838384, -30.8702142857143, 0.0000021605512159746536
-57.47888383838384, -30.870214285714287, 0
-57.47888383838384, -10.870214285714287, 0
endData
164.24
87.04
171.54
-36.898740981240984, -59.14192568542568, -49.57943506493506, -59.557686147186146, -57.47888383838384, -40.84846536796537, -57.47888383838384, -30.870214285714287
