-42.303626984126986, -59.34980591630592, 63.82148091898867
-40.19891533954865, -59.30949579997426, 66.01125704713787
-38.094161845535226, -59.27143617393811, 68.1228686134412
-35.98936039365071, -59.23613120546574, 69.55307168735722
-33.884507170867344, -59.20406478446499, 70.63282204379271
-31.77960053100257, -59.175726428017086, 71.36221973198316
-29.674641103162546, -59.151634737997114, 71.74138670705976
-27.569632176523065, -59.13236108429352, 71.77047166900248
-25.464580449158777, -59.118555925575194, 71.5274155029222
-23.35949730011789, -59.11098037202421, 70.91518633872
-21.254400858089713, -59.110546241803924, 69.95350931992046
-19.149319331878043, -59.1183690931522, 64.88592399089796
-17.044296402860247, -59.135840817432005, 58.035721395759936
-14.939400212090748, -59.164739518589194, 50.260393290417774
-12.834743187419924, -59.20757969641426, 41.03742121537445
-10.730509831272622, -59.26762919731465, 29.017820991718796
-8.627029581529582, -59.34980591630592, 0
11.352341222676408, -60.25795913467892, 0
endData
200
200
200
-42.303626984126986, -59.34980591630592, -31.70173520923521, -59.14192568542568, -17.77375974025974, -58.934045454545455, -8.627029581529582, -59.34980591630592
