-57.47888383838384, -30.870214285714287, 71.67484172396942
-57.079137091973976, -32.845614948244936, 74.18650036991957
-56.71115084156564, -34.82720314224365, 75.69953590632295
-56.358678282985636, -36.81162043362919, 76.66884470177955
-56.00715974198949, -38.796207490707346, 77.08963061743252
-55.64312371050096, -40.77852892347071, 76.877164895098
-55.25296043334238, -42.75585790034279, 76.11911601746762
-54.82141494756804, -44.72453903338756, 74.85980209387154
-54.331700389960254, -46.67950893798639, 72.74236774207796
-53.76270735675858, -48.612798104361815, 70.53965736635635
-53.08837463133473, -50.511746751364676, 67.49421350520404
-52.274390071382506, -52.354835630039595, 64.20593152987475
-51.278473554049405, -54.10568185343659, 60.466001218223774
-50.05197799511676, -55.702229032553625, 57.48920305809789
-48.55773106880847, -57.04931817799446, 56.192398643285244
-46.8046727881662, -58.034071005833155, 57.57283487608357
-44.87064648592775, -58.585065902557496, 62.36264695348497
-42.86294539243921, -58.72596442262507, 66.50553800947434
-40.84750478779473, -58.71467888971183, 63.36286212916541
-38.832238242772995, -58.685853735040006, 60.6185706319264
-36.81726753873031, -58.64082872881918, 57.91811881304103
-34.8026560493612, -58.58182180233749, 55.75495599132233
-32.78837372786105, -58.51242790326865, 53.93784535970555
-30.774287089567895, -58.43753521139574, 52.91941483748233
-28.760182882222274, -58.363120138534285, 52.40812164943735
-26.745832883575957, -58.295743883672664, 52.59414699831252
-24.731084149662394, -58.24171320702942, 53.331275108406665
-22.71592270307797, -58.2064850751226, 54.83405907041809
-20.700494898803484, -58.194000390119896, 49.178834750784766
-18.685070209727527, -58.206749999830166, 40.15434946712342
-16.66998197739014, -58.245683861480316, 28.39341565718835
-14.65555627705632, -58.31040476190476, 0.000004129530924722856
-14.655556277056277, -58.31040476190476, 0
5.329667215570009, -59.07906720392885, 0
endData
200
135.84
200
-57.47888383838384, -30.870214285714287, -54.984321067821064, -42.511507215007214, -54.36068037518037, -58.72616522366522, -43.135147907647905, -58.72616522366522
-43.135147907647905, -58.72616522366522, -31.909615440115438, -58.72616522366522, -25.46532828282829, -57.8946443001443, -14.655556277056277, -58.31040476190476
