-23.594406204906203, -7.587628427128427, 70.33420890551413
-23.658719269930803, -9.636387524748226, 86.68153228135583
-23.808592949883298, -11.680836816930515, 101.0848572916897
-24.013770465132847, -13.72052320031297, 111.16843286407867
-24.26041971990142, -15.755628551556692, 117.88290026872099
-24.54135055842369, -17.786294616334217, 125.69978119257152
-24.851967594339765, -19.812637141939653, 130.70943553770212
-25.189913618485818, -21.834605606800643, 131.18374278102303
-25.55371522791912, -23.852084484520752, 128.02018311154987
-25.942512534129467, -25.8648959656479, 124.77644057510415
-26.356027089262582, -27.87277390892237, 121.44609288294171
-26.794388172580803, -29.875371824781784, 118.02181042034715
-27.258150055407288, -31.87223779253003, 114.49516573273891
-27.748282042561296, -33.86279338066438, 110.8563890109161
-28.266197848560132, -35.84630067766232, 107.09404875736904
-28.813886261598043, -37.821794684122004, 103.19462901746056
-29.3943113511035, -39.78791467126901, 99.14196589058716
-30.010104558742082, -41.74323548311781, 94.91644366769879
-30.665331384343776, -43.68568545176348, 90.49385454485179
-31.365195124135617, -45.6124875618723, 85.843752507351
-32.11637817826762, -47.51984896285617, 80.92693628210938
-32.92844310253355, -49.40205974426531, 75.691489068754
-33.81380699782621, -51.250849283903605, 70.06611761572672
-34.78875047917436, -53.05386692881688, 63.94817737313698
-35.87930380723062, -54.789150699456975, 57.18009217692502
-37.1242128311801, -56.41652261200327, 49.49735983288871
-38.57833139528835, -57.85777182861554, 40.386221217225746
-40.310498858535915, -58.941034583598984, 28.52797855667351
-42.303626984126964, -59.34980591630592, 0.0000029200193199910856
-42.303626984126986, -59.34980591630592, 0
-62.30006794859743, -58.97251457735365, 0
endData
200
200
200
-23.594406204906203, -7.587628427128427, -23.594406204906203, -19.021041125541124, -31.285974747474746, -59.557686147186146, -42.303626984126986, -59.34980591630592
