55.1922012987013, -36.898740981240984, 83.24711705552129
54.99413656603909, -38.92640123052481, 81.13382544498417
54.46564850498119, -40.89402147036259, 80.98721227737505
53.63430306699044, -42.754424488629674, 82.44499349497875
52.54782702138455, -44.478790956655224, 85.08892808572863
51.25822317935927, -46.057439477083626, 88.51405965152928
49.81219521812522, -47.49460102227318, 91.57903936325792
48.24473622907655, -48.79862432436842, 95.57376270241171
46.584466583609284, -49.98248591248834, 98.75700418866806
44.85136204997541, -51.057136134499224, 101.82839696235106
43.06060939657606, -52.03286232126842, 104.71524788912878
41.22372630986477, -52.91879199081869, 106.86915283577196
39.34948323022083, -53.72274366329416, 102.98183563353997
37.44461586686734, -54.45125557480754, 98.94184638477523
35.51408431158866, -55.10883403307253, 94.72965984785719
33.56204465948698, -55.699538851911065, 90.32123257352487
31.59214766720924, -56.22770958204677, 85.68625930406719
29.60665494354903, -56.6938690892024, 80.78578037409642
27.608418674162394, -57.10197902099179, 75.56816811462276
25.599018209100908, -57.45101512905967, 69.962506594444
23.580607716900875, -57.74347792936185, 63.86671062984826
21.554563587919468, -57.9772770146611, 57.12408410729764
19.522694058824367, -58.15334554976117, 49.470875173301266
17.4864809396343, -58.26877124351483, 40.39275526305278
15.447709717175572, -58.32209260820406, 28.56199094045106
13.40827489177489, -58.31040476190476, 0
-6.586561819123958, -57.85597665483888, 0
endData
200
140.21
200
55.1922012987013, -36.898740981240984, 54.98432106782107, -50.82671645021645, 31.70173520923521, -58.72616522366523, 13.40827489177489, -58.31040476190476
