-35.443579365079366, -57.686764069264065, 15.322657736408296
-37.478306959896656, -57.57488453924559, 15.972637398689399
-39.480772689624814, -57.19431564461513, 16.59697786643767
-41.42816112545311, -56.59102632803549, 17.22382343002598
-43.30854066269751, -55.80275999862456, 17.812302715967437
-45.1159090307304, -54.858758100013496, 18.25231733318547
-46.84684887143713, -53.78079192157259, 18.70255406827778
-48.49772377574026, -52.583706690589715, 19.004116144461207
-50.06615402404128, -51.28043073508038, 19.271363665305667
-51.548374801667784, -49.87984638652357, 19.413674397528723
-52.9386803617854, -48.38797428901045, 19.48418202062014
-54.23113256769652, -46.810606047336684, 19.48655345020623
-55.417689558142484, -45.152150932313624, 19.408229768777467
-56.48814388573966, -43.416524004070006, 19.285898824998558
-57.42878919557319, -41.607322196068324, 18.061449438409902
-58.225037199146236, -39.73019580593909, 15.641452618050103
-58.85957359232138, -37.792513587652344, 12.770971374641547
-59.309866613981384, -35.80406647051925, 9.030277020874706
-59.557686147186146, -33.78053751803752, 0
-60.91051286192198, -13.826343475683998, 0
endData
20
62.83
50
-35.443579365079366, -57.686764069264065, -45.62971067821068, -57.89464430014429, -58.72616522366522, -46.04547113997114, -59.557686147186146, -33.78053751803752
