-21.515603896103897, -11.537352813852813, 112.53
-22.388511460294083, -13.383875925230294, 112.53
-23.297082952903597, -15.213106524100487, 112.53
-24.24036534296821, -17.02467978093704, 112.53
-25.217295481986483, -18.818337328891253, 112.53
-26.227861409750094, -20.593264772789258, 112.53
-27.270408556323204, -22.34959878610235, 112.53
-28.342743391766703, -24.087911506963113, 112.53
-29.44542726469021, -25.807135865856626, 112.53
-30.574686438759326, -27.509025134025105, 112.53
-31.730781700116896, -29.192803705266012, 112.53
-32.91028096439889, -30.860270745242527, 112.53
-34.111502922460474, -32.5121658719207, 112.53
-35.33243304915208, -34.149552318580255, 112.53
-36.56971360828841, -35.774621410097396, 111.21249873395868
-37.82009999974528, -37.3896324400186, 107.47663773492634
-39.07959233950802, -38.997556153341016, 103.60614934941462
-40.34322067748127, -40.60223371151389, 99.58534038592195
-41.60443943550889, -42.20880399236297, 95.39521175810992
-42.85477420243094, -43.82384950300182, 91.01239446392535
-44.08181858617066, -45.456634293587285, 86.40760257649296
-45.267203539117176, -47.11983850266135, 81.54333180134242
-46.381212815120485, -48.83147297066699, 76.37029781750462
-47.373233783750884, -50.61604119598559, 70.82173292394465
-48.14573548833198, -52.50448070183671, 64.80419949405213
-48.512998108242826, -54.50738055222622, 58.1813288504459
-48.20617794602126, -56.513890219494286, 57.76893112774286
-47.17688489348677, -58.26609549861904, 67.32904256959145
-45.696783667393845, -59.66754088443604, 76.55948510288698
-44.02244096856986, -60.835367775248024, 71.02676748651085
-42.218619208035264, -61.790407460163095, 66.52211392998937
-40.302532021361976, -62.49289647377303, 63.8833035839609
-38.30743346392198, -62.92269623788198, 62.86543121669401
-36.273394822743946, -63.094004465120506, 63.392974171149504
-34.232296857453214, -63.04451574812823, 64.84402932954849
-32.201862060216946, -62.827061922181265, 67.28690453106496
-30.187393398341445, -62.491143280287694, 69.74614713589983
-28.18681440362204, -62.079880417564624, 71.92485290667759
-26.194818876873427, -61.62861133707583, 74.60919367831465
-24.205458339663263, -61.16580399747761, 75.62205395119278
-22.21336305208112, -60.714964084796954, 70.01218052708397
-20.21447044296375, -60.29540636742831, 63.91185793618414
-18.206221856032297, -59.92337056175149, 57.164308920699824
-16.187670835874993, -59.61226690599513, 49.50560056063101
-14.159406904147517, -59.372741192470976, 40.42104890307087
-12.123227282029116, -59.2143139193969, 28.581947844839547
-10.082191197691253, -59.14192568542568, 0.00000476837158203125
-10.082191197691197, -59.14192568542568, 0
9.916077725142792, -58.878790568019966, 0
endData
200
112.53
200
-21.515603896103897, -11.537352813852813, -34.81993867243869, -40.4327049062049, -56.02372222222222, -51.45035714285714, -45.837590909090906, -59.557686147186146
-45.837590909090906, -59.557686147186146, -35.651459595959594, -67.66501515151515, -25.881088744588745, -59.34980591630592, -10.082191197691197, -59.14192568542568
