9.458550505050505, -9.250670274170274, 44.526413764874306
11.355358473323491, -8.404391085876446, 43.50594420535677
13.321589910226985, -7.735216098455392, 44.06083690534495
15.339686544243241, -7.2435628106784975, 46.06606345000957
17.38941577102964, -6.906036549044191, 49.434243081912484
19.455681229581046, -6.690174199210747, 53.50397638520804
21.52943238254816, -6.563508589443248, 58.525313231471365
23.60612683143796, -6.499719870225459, 62.886347439367185
25.683730448090365, -6.479242740926713, 68.59565799617774
27.761430740901673, -6.4880868438434165, 70.61551234266787
29.838967404710946, -6.5161179949817445, 64.46285968918772
31.916307966465983, -6.556283762381751, 57.65733905235687
33.99350180837289, -6.603486677696478, 49.93272179893238
36.07061464339804, -6.654147601990567, 40.76989679037829
38.14770703998356, -6.705642934620624, 28.828670280508906
40.22482467532467, -6.756107503607503, 0.0000016858739404357613
40.224824675324676, -6.756107503607503, 0
60.2191581502074, -7.2321630625332824, 0
endData
200
140.21
200
9.458550505050505, -9.250670274170274, 16.110717893217892, -5.92458658008658, 22.76288528138528, -6.340347041847042, 40.224824675324676, -6.756107503607503
