61.42860822510822, -30.662334054834055, 59.6692004795817
62.367876897566944, -32.455779235036154, 53.76763852694937
62.836202920626235, -34.42384595373813, 50.0669479872609
62.762710358433054, -36.44535854456231, 48.8864853029905
62.17731933296948, -38.382734501864654, 49.211649246971376
61.17204045392632, -40.140741386276545, 50.22078459308192
59.84191675822102, -41.66894368391502, 50.976585581395874
58.26163458718548, -42.93734995561001, 51.2460486623145
56.4871296340943, -43.91569938172122, 50.96084542549586
54.56690147882891, -44.56151879469793, 50.30222045009389
52.55788991844062, -44.816181080787196, 49.72051989568909
50.54399076872072, -44.614481517717934, 49.95416995847202
48.64448613520689, -43.91791238698759, 51.96197636170179
46.964606129314014, -42.78558165078573, 62.45934237234847
45.39957790051517, -41.494639422907404, 76.42376184184069
43.88269278701941, -40.14723328541231, 86.85563779686592
42.39524938089152, -38.76734189887622, 96.14402450678989
40.92773531568004, -37.366255742224475, 102.73602976353872
39.47479458007974, -35.95005384576918, 108.5749701082827
38.03277623606876, -34.522727780034636, 112.45721986020023
36.59917048815366, -33.08694964921777, 116.96838034963086
35.172199939725125, -31.644575531033915, 119.85160200158482
33.750336023139724, -30.1971663563549, 117.460316025031
32.33241048296918, -28.745898241404475, 113.95323834778443
30.917510628790254, -27.29167975357169, 110.33474120958137
29.50473287970693, -25.835399364696137, 106.59347847415751
28.093306074841205, -24.37780948361972, 102.7160365006074
26.682516836313162, -22.919602440328738, 98.68636500974101
25.271671618704854, -21.461449560927203, 94.48498888264916
23.86006168483689, -20.004037038253255, 90.08788834979794
22.446938883757927, -18.54809150692025, 85.46485928403526
21.031528058764327, -17.09437046040935, 80.57702397166479
19.612962450166584, -15.643728085375596, 75.37288312277212
18.19014519377874, -14.197256173724526, 69.78170534486046
16.761870432074105, -12.756173807719055, 63.701660599035606
15.326557613799645, -11.322102949575008, 56.976462024977515
13.882217871272262, -9.897126520860109, 49.34301953192828
12.425925033864083, -8.484372708964958, 40.28835073540345
10.95346636645399, -7.088487916604101, 28.488104780660052
9.458550505050505, -5.7167063492063495, 0
-5.422423725529548, 7.645801123151244, 0
endData
200
133.65
200
61.42860822510822, -30.662334054834055, 67.04137445887446, -38.977543290043286, 54.98432106782106, -48.54003391053392, 47.70851298701299, -43.34302813852814
47.70851298701299, -43.34302813852814, 40.432704906204904, -38.14602236652237, 19.644681818181816, -14.863436507936505, 9.458550505050505, -5.7167063492063495
