35.651459595959594, -18.605280663780665, 91.49494925168881
34.78869645212487, -20.5383962113629, 86.74423825777627
33.89234509902126, -22.45614100951355, 81.71786789469725
32.945328314281376, -24.34931953305587, 76.36149728344684
31.92450535235098, -26.20361714626814, 70.60021730241512
30.796308205374505, -27.994325816904404, 64.39893617746326
29.519827959358285, -29.6819321364233, 58.78538446798489
28.05192326623041, -31.20491506741722, 54.891824531847
26.372734229277526, -32.490073551075774, 53.99308221742043
24.507875799782916, -33.48708862998007, 55.95439336315822
22.516972867126835, -34.20203374541879, 60.12832460682864
20.45749790970854, -34.688221618109765, 66.29920767497234
18.365097480550354, -35.006847099093264, 65.06702367234963
16.258079593138216, -35.209474446544405, 58.1981282965685
14.14481965806021, -35.33257692646098, 50.40124179662365
12.029057299315218, -35.40156508536387, 41.152526709451465
9.912408365633398, -35.43465933345818, 29.09926803765395
7.795508658008658, -35.443579365079366, 0
-12.204491341991343, -35.44357936507936, 0
endData
200
133.65
200
35.651459595959594, -18.605280663780665, 28.99929220779221, -33.78053751803753, 25.881088744588745, -35.443579365079366, 7.795508658008658, -35.443579365079366
