13.200394660894661, -59.14192568542568, 85.5640571267081
15.229205234242379, -59.227628184372705, 91.71239252836823
17.258361012287622, -59.30471004084661, 95.93552666336325
19.287884237078217, -59.37140202788965, 99.54181386537832
21.31775730304588, -59.42639699329129, 102.53285992196113
23.34794181770506, -59.4683137875602, 104.91060624816973
25.378374020427167, -59.49567121714653, 106.67739459473862
27.408958716863953, -59.50678697846073, 107.83605579726773
29.43956053595409, -59.50004504863675, 108.30801005970976
31.46999768590795, -59.473470950788425, 108.41117898112054
33.500022253094954, -59.42472198542479, 107.91765403851481
35.529273639122614, -59.35054902974183, 106.83355132564367
37.557278154754115, -59.24791326551118, 103.29513501591032
39.58335351251314, -59.11254921361677, 99.28568893948542
41.60650978373802, -58.93905540432557, 95.1073888364879
43.625277143310896, -58.72048452670321, 90.73692383010803
45.637419399906555, -58.44776118501857, 86.14507049051461
47.639281479659935, -58.10796695770806, 81.29437235708531
49.62479557130948, -57.68330881227082, 76.13545450561563
51.58267102736318, -57.146048219629776, 70.60103702933705
53.49004931228921, -56.451798234186974, 64.59557042098407
55.296236657647796, -55.52843853297626, 57.975671519661326
56.864229853736, -54.248667168789694, 50.513306756695265
58.01836282491962, -52.58130691806122, 44.45540026616706
58.97572163192092, -50.79170066212131, 39.85844220625923
59.706706504665185, -48.89886475049449, 37.16427564642608
60.16882396755242, -46.92319574551999, 36.32780601236263
60.37529409820235, -44.90420298798336, 37.4630372944886
60.391556647017055, -42.874112771397236, 40.22420600303179
60.29621003371345, -40.84585433887565, 43.490856873096675
60.15205396730549, -38.82036975785862, 47.564653636451325
60.000702833364585, -36.79539836511982, 40.30484206490455
59.86717764759695, -34.76918664192519, 28.499783817858322
59.765566378066374, -32.74113636363641, 0.000004129530924722856
59.765566378066374, -32.741136363636365, 0
58.94991898778019, -12.757775301624818, 0
endData
200
200
200
13.200394660894661, -59.14192568542568, 27.336250360750356, -59.765566378066374, 52.697638528138526, -60.389207070707066, 57.27100360750361, -53.73703968253968
57.27100360750361, -53.73703968253968, 61.84436868686869, -47.084872294372296, 60.18132683982684, -42.92726767676768, 59.765566378066374, -32.741136363636365
