9.666430735930735, -8.627029581529582, 79.7319423201984
11.710960738185035, -8.183744742447832, 74.29918711355718
13.76489330173866, -7.786446320769753, 68.43659252907591
15.830037900270016, -7.452625673059947, 62.022470520376125
17.9074734846775, -7.207572530728516, 54.863934614176415
19.995597796477785, -7.086213379453668, 46.97255148176628
22.08676270518664, -7.123345371367617, 41.73366039435695
24.16973137219811, -7.314607666770095, 40.30111847002419
26.244463774044746, -7.583242062023435, 43.46727266849871
28.32166184895905, -7.8316713038591015, 49.904029263888425
30.40614691692039, -8.008010411993022, 57.854806578459886
32.49590471750304, -8.10356162005767, 50.10391393449014
34.587749498917674, -8.12694137348119, 40.90980346199134
36.67942490582597, -8.089858944175937, 28.927675038304713
38.76966305916305, -8.003388888888889, 0.0000016858739404357613
38.76966305916306, -8.003388888888889, 0
endData
200
133.65
200
9.666430735930735, -8.627029581529582, 25.257448051948053, -5.093065656565656, 22.76288528138528, -8.83490981240981, 38.76966305916306, -8.003388888888889
