-57.47888383838384, -30.870214285714287, 73.28848724344937
-56.92073396740271, -32.81031210188002, 67.55506335777476
-56.367771385120456, -34.75189638697788, 61.287602173155804
-55.80858595195941, -36.69169207589441, 54.30152763975603
-55.218466896168515, -38.622247822113074, 46.272696057792466
-54.54514301586918, -40.525064578103525, 39.23030567293317
-53.69220178179601, -42.35316722568268, 33.93977239707167
-52.553208824393266, -44.016347646408114, 33.90675801550105
-51.14097153985192, -45.456214650167354, 38.58244100293108
-49.57018822558797, -46.72343463133614, 46.386057057323576
-47.92822351957379, -47.89772759446397, 54.83669482273083
-46.2563026105574, -49.0291462350634, 63.756159716489535
-44.57238876333943, -50.14266471691228, 70.05244488840597
-42.85168523500046, -51.19800685571728, 69.5364024401473
-41.07942090599414, -52.16428116870316, 69.30987527622311
-39.2615874269423, -53.041874635205026, 69.26180586563504
-37.404330976153034, -53.83269501026103, 69.434288922159
-35.513503560162356, -54.5395599349495, 69.80182731354738
-33.59488506406759, -55.16713652367093, 70.33907309335318
-31.653563400794525, -55.72058064009468, 70.89866652305972
-29.693975152337472, -56.205496983567826, 71.68420737962208
-27.719792744500804, -56.62716543522499, 72.57355509718623
-25.73435667465361, -56.99226823546654, 73.37949238724197
-23.740162823576036, -57.30612168899747, 74.40868765908507
-21.739383738164573, -57.57490323319401, 69.6064770311911
-19.73360272232857, -57.80346714335754, 63.541773271712444
-17.724173753586467, -57.99742533959211, 56.83352635871825
-15.712080478392872, -58.16153174327339, 49.2193045497882
-13.69807404432239, -58.300274970598814, 40.1874115642118
-11.682718531140681, -58.41787465405644, 28.41680097887927
-9.666430735930742, -58.51828499278499, 0.0000016858739404357613
-9.666430735930735, -58.51828499278499, 0
10.31230146104297, -59.440380324953004, 0
endData
200
124.18
200
-57.47888383838384, -30.870214285714287, -53.73703968253968, -43.7587886002886, -54.56856060606062, -43.55090836940837, -44.79818975468975, -49.995195526695525
-44.79818975468975, -49.995195526695525, -35.02781890331888, -56.43948268398268, -23.178645743145744, -57.8946443001443, -9.666430735930735, -58.51828499278499
