-62.468009379509375, -45.837590909090906, 62.22525439064973
-60.46872064084714, -45.77340633625364, 55.42431580225712
-58.5540102740007, -45.22458158517669, 47.6983127899515
-57.210384746163434, -43.79637322638409, 40.61955792483233
-56.9710901742607, -41.82816929010702, 48.22248668527043
-57.37556335799094, -39.870491016885325, 54.78767744452687
-58.05474256138805, -37.98743939202382, 57.44171314885536
-58.858903706112194, -36.15358467142584, 52.20634397322763
-59.701633774804904, -34.33696034381581, 43.868795560524354
-60.47498246599352, -32.49046350817503, 33.52177963878334
-60.51590993626443, -30.594817671638747, 19.112160245555316
-58.586118441829655, -30.740696529174308, 58.24338717632277
-56.73912497251144, -31.512984885959078, 75.33263832842097
-54.8248296084235, -32.09289035730178, 78.88209432304532
-52.84566365105384, -32.388877809271094, 83.58516320992737
-50.84531105399639, -32.46385061501043, 87.76085837081578
-48.84528541310237, -32.37228069458082, 93.10323572442853
-46.85495401191287, -32.153461663807136, 97.26173573408802
-44.877417562295946, -31.83871318513255, 101.17940767959517
-42.91281198483756, -31.4510305548448, 104.76438985542815
-40.96004084405561, -31.00739454604943, 107.94964309659885
-39.017314303776146, -30.52157504686248, 110.68678828965291
-37.08252865287684, -30.004981551455153, 112.4246042038208
-35.153763996405615, -29.46630739752952, 114.3022603461144
-33.228919316444845, -28.913772341395806, 115.15750515890052
-31.30606934703873, -28.354326474809586, 111.62534878987539
-29.383304898098523, -27.794586403406175, 107.97771043801187
-27.458766169873936, -27.240984580502694, 104.20246728026682
-25.53076748809086, -26.6995685674654, 100.2852124154187
-23.597473289402686, -26.177402163848832, 96.20860703811192
-21.657448675145506, -25.680860429279303, 91.95146439346487
-19.709058744933365, -25.21829176239831, 87.48744563348988
-17.751215426358666, -24.797601949688623, 82.7830945677012
-15.782740491910323, -24.430008204474646, 77.79485522742928
-13.803476851142849, -24.126084483788283, 72.46416139893294
-11.813834663004961, -23.90017799268277, 66.70895215659736
-9.815689462029534, -23.770390320216844, 60.40812813222545
-7.813505597229422, -23.75587332771283, 53.36897364082871
-5.813736104550122, -23.85937802997821, 45.246754813990044
-3.812877336548727, -23.938456319830532, 35.30298130042733
-2.5774264879517763, -23.390737242145022, 26.565628940203677
-4.343043198516887, -22.449276765525813, 57.243037111095596
-6.14583261803255, -21.57734055843672, 71.7872654347773
-7.936120275716978, -20.68010239841284, 81.63873249172079
-9.702489574324145, -19.736721764385567, 89.50301105923565
-11.43626717737036, -18.734778275523695, 94.438806114919
-13.129727834276762, -17.666194688289806, 99.04447123317061
-14.77330728687688, -16.522468454006308, 101.60714722079591
-16.355602469067787, -15.295470214901188, 102.96430738418807
-17.862705462192693, -13.977339555300762, 104.16096942154698
-19.277589998521243, -12.560816062035524, 104.85845298372733
-20.579698232456956, -11.040083039928168, 105.32932744445883
-21.742755861323175, -9.410732114508411, 105.90901600681963
-22.741549501035504, -7.676127688075028, 106.9952738253952
-23.54994536818607, -5.845240454888709, 108.40972409930998
-24.145797253886265, -3.934575046667935, 111.46723317100273
-24.510238633210314, -1.96668256393064, 108.40298013319067
-24.655640986945365, 0.029746569837803216, 104.64472888549321
-24.713050383494693, 2.0314752030896392, 100.74471995416258
-24.730906489874666, 4.033933459004844, 96.68755582802542
-24.700095443711394, 6.036218668502736, 92.45255296691629
-24.60920093189262, 8.036643031543957, 88.01408537738695
-24.444026839674017, 10.032247019896117, 83.33971465281799
-24.185139663534237, 12.017765874646376, 78.38735746271436
-23.806208063961957, 13.983735751887977, 73.10072231568755
-23.272299154636958, 15.913075964253116, 67.61331363968634
-22.538048365186754, 17.774827508450393, 62.04404993251068
-21.554262629871886, 19.516676447235607, 57.27793925405711
-20.282367336048782, 21.059462425825142, 54.75447875820092
-18.729756612659266, 22.318548776791758, 54.90729207759708
-16.9587979213299, 23.246903271755357, 57.61231705102221
-15.054092994219275, 23.858706136952314, 62.35440527101995
-13.083599111130116, 24.209005954458288, 67.69703984526612
-11.087110639376707, 24.356187962087755, 73.93756420666523
-9.08492262898495, 24.350531622203945, 79.66619443724062
-7.086302004554842, 24.2282605323174, 85.10747727486789
-5.088290937036038, 24.0957985184537, 84.89455615006719
-3.086259361851342, 24.058823161169126, 84.841650539728
-1.08479959244365, 24.119568447936906, 85.02691089865493
0.9113377417366202, 24.277513959447074, 85.44976036141713
2.897672070575004, 24.53048782609955, 85.95746785723415
4.869942991502559, 24.876521439855793, 86.80036622157424
6.824186048907505, 25.31303890789582, 87.63773291786907
8.757351802944546, 25.835099738962754, 88.88233662807698
10.666152534753973, 26.440251694591407, 90.33915360428438
12.548843746106833, 27.122340365773827, 91.65128300578927
14.403197094623566, 27.87811832216796, 93.0883728884495
16.228200161070593, 28.70226640524021, 95.05249669012345
18.02307597233077, 29.590141764444446, 96.75148794913227
19.78731154112942, 30.537470521203286, 98.55814829554546
21.520735734102182, 31.54009195387087, 100.46712216044736
23.223473605289694, 32.59400302887479, 102.47313794600275
24.895900463296172, 33.69539105260123, 104.5710506312318
26.538597545039618, 34.84065572411746, 106.75587543902158
28.15231063486351, 36.02642209515003, 108.4486356683851
29.737752394571913, 37.24974847718097, 110.77413121248554
31.295349160991012, 38.508342388378445, 112.948007113896
32.826683532979295, 39.798769090834924, 109.34456710473667
34.33177392545346, 41.11971796930215, 105.61824985401836
35.81234366137962, 42.468097229184295, 101.75556012429365
37.28708276013556, 43.82287976493411, 97.74029652309326
38.77819155349887, 45.15961581194515, 93.55286929492362
40.289696670241256, 46.47323331335434, 89.1690312937704
41.825551442338, 47.758276285854194, 84.55825363151004
43.391809328025985, 49.006042063706374, 79.68118078799169
44.99532209186911, 50.205476726180024, 74.48557923404206
46.64615956233549, 51.33874405220673, 68.89953675931753
48.35690477944939, 52.37902924735818, 62.81928370556969
50.14324421147389, 53.28254984445542, 56.0849974571707
52.02091044344678, 53.97399964892759, 48.454893017839915
53.98724106060328, 54.33327685205203, 43.01222308753732
55.97934396931663, 54.20686797338584, 39.93090403821091
57.85529560860436, 53.52507339140384, 41.084724729202414
59.50800374246541, 52.40088965888673, 45.00518812331539
60.94433691282371, 51.007749845809144, 50.67611555042693
62.206871997603194, 49.45481357823872, 47.2810694409244
63.18940522900834, 47.71452208910986, 38.392720776801454
63.65626319038603, 45.776426443150136, 33.04324616754054
63.46934703944898, 43.790439568958845, 32.955564535238985
62.83612378343127, 41.89261248310944, 35.39156334583489
62.05124183743332, 40.05030600575855, 38.41660043852456
61.308460187752, 38.190912392690564, 41.437575042431554
60.72873528434807, 36.27512030231721, 45.20684170554567
60.38327902640824, 34.304003640639834, 49.33408105666269
60.29724967441522, 32.304670381146764, 45.52238067206346
60.431966965846165, 30.307164716575702, 35.65767514470377
59.84323665568441, 28.50683259650299, 22.667384838549452
57.95072407490739, 28.942949177241164, 44.14154545906157
56.257133993985946, 30.009753136143626, 58.32517381673469
54.62939645925026, 31.176185645365315, 67.45587678398395
53.01317012676241, 32.35861433737497, 71.93966555913573
51.381784148385954, 33.51996991606344, 75.09552974352196
49.71656756038938, 34.6321277822368, 75.95648867610484
48.001028360359726, 35.664675647502854, 75.35284445225953
46.22001531094658, 36.57904430458362, 73.01671470537127
44.35954505662972, 37.31684130991636, 70.1607205933221
42.416130548910644, 37.79010841128927, 66.5464527980193
40.41982506362612, 37.87010552154703, 64.28028975893453
38.47406901757778, 37.42822747870298, 66.26290509994665
36.73703751116023, 36.44604212439154, 72.3886201653829
35.225119973071905, 35.13359843364492, 74.67741657850992
33.731139817255006, 33.80004985919964, 73.97502944467537
32.2442448256583, 32.458610766352365, 72.8055664704248
30.76935658291807, 31.103990398060557, 71.56407176169303
29.312457138687233, 29.730056130322836, 69.76436252689064
27.880707974263434, 28.329958449101557, 67.64317025539076
26.483329276500633, 26.895596914609968, 65.22519932116384
25.132689415788434, 25.417206814429434, 62.54498165553702
23.84632950098477, 23.88267610485408, 59.650458353611036
22.64944767721551, 22.277586798814877, 56.0927028597514
21.58092518291101, 20.584727891479535, 51.97838052199258
20.700986548804888, 18.787372214548, 48.139699125136154
20.102157761579505, 16.879225925416346, 45.07183395221044
19.90962900359801, 14.890627110120711, 43.35922875821553
20.22685653499991, 12.919554389472593, 44.41731576337779
21.09591903497314, 11.125355485890415, 41.23287441678491
22.49382743650318, 9.702892496631263, 41.91000891757446
24.22499369538493, 8.70514079824829, 45.10563072971793
26.115645368234254, 8.051188160775713, 48.21386781640679
28.075228812912982, 7.642985411016335, 51.064676222459994
30.063469970033733, 7.407556880252593, 53.24390505568487
32.06270411050917, 7.295830259706337, 54.50084706239803
34.065029394658964, 7.272287505962034, 54.72255058441864
36.06718276043064, 7.310978871319883, 54.056614357901765
38.06820032734996, 7.3896429482950925, 50.987211177695826
40.06844946124708, 7.486245988000385, 42.41065308497861
42.06911335494829, 7.573508138259451, 31.585393518236685
43.42196839306697, 7.4626726700828, 21.323274146879736
41.45884978745055, 7.067312060974497, 49.64412473051246
39.49902731076035, 6.655859545262319, 61.30300207844947
37.54942817514755, 6.19851896310336, 68.48695392602788
35.614062634099966, 5.684374290474728, 73.1365226681109
33.698056650775115, 5.102368350815891, 75.13640885715932
31.809208302615637, 4.437714519893385, 75.51056549095794
29.959584595546406, 3.670979853272085, 73.97481670443152
28.17052726822582, 2.772556880109127, 71.25286533482745
26.480136171683498, 1.701070005349544, 66.70693325463128
24.9661830665539, 0.39444054761270403, 61.62581933923521
23.7826181664662, -1.2129598666897046, 57.15575371742114
23.184480694840925, -3.1118210562341306, 57.91739840084868
23.263389411961363, -5.107984167069, 54.61846236282794
23.463214503136253, -7.100564638939764, 46.71344981475655
23.724526039592334, -9.085679852464644, 37.16517566856028
24.26103172116956, -11.009380425343151, 27.57004132928603
25.574459875149756, -12.473768594159, 27.28421101735401
27.47787295878706, -13.060653989122219, 38.197250769959
29.472125247563664, -13.230403328856612, 50.352472578130595
31.47440534385311, -13.254055555658569, 63.18275175942648
33.47667722921481, -13.220399106994558, 73.90386828312316
35.47847160436491, -13.164378344053906, 75.55432341496912
37.48008187748416, -13.10201680588366, 70.05300270806245
39.4817468705387, -13.041450123887511, 64.08112630006907
41.48361963634029, -12.988519580333621, 57.49227590136886
43.485291188985215, -13.022704843487041, 50.04574317704193
45.459437578671086, -13.331988226372651, 41.295105117883494
46.73633679546212, -14.656651291875077, 31.13404516074187
45.84864466102857, -16.41948515478939, 55.42659848380824
44.48718516083188, -17.886371182214308, 70.07539797733182
43.01537246903739, -19.244058762416774, 82.10174239018023
41.50093865538196, -20.55428064254007, 88.43348132081928
39.97082210852648, -21.84620345470027, 94.36861246246379
38.440085846136434, -23.13739416935264, 97.51988336761343
36.92000117698146, -24.441091469145963, 99.26285547994873
35.42078929212109, -25.76870734448682, 99.62678294938137
33.953735456630234, -27.13172237719609, 97.85706574973847
32.53303620642323, -28.54289595388621, 93.67510978918703
31.17832417872799, -30.01736415767895, 89.29779738542442
29.918604482895404, -31.573489560804543, 84.69507106255398
28.803729867730507, -33.23583173582589, 79.82870799931914
27.915366150558484, -35.02806440634596, 74.6491381549794
27.39625202834443, -36.95699726475096, 69.77483124491808
27.40768776913498, -38.95392543944781, 70.85169410752904
27.817129611052373, -40.91180103768485, 74.59343714614243
28.509272110237763, -42.789339533420495, 79.22793340193101
29.419458071496887, -44.571968273592205, 82.76599125825483
30.50221120322405, -46.25568830581199, 85.20655819580757
31.72625047724446, -47.83989333364794, 87.64241796401264
33.07223023628877, -49.32200839003561, 89.31471613625287
34.52402586361237, -50.700680699499735, 90.07780820910996
36.07325016928103, -51.96889665053856, 90.31943575779916
37.711076495024386, -53.120377988882986, 89.97282610688046
39.43372397661999, -54.140482253219766, 89.19542205441834
41.23429723452295, -55.01550782388678, 87.72560133731612
43.10796002132068, -55.72010153350753, 85.88737462029566
45.04380441110562, -56.22849023352862, 84.33367516603603
47.02579867749457, -56.50528014463981, 82.59150162875676
49.02665291884059, -56.510356146147366, 81.49973314711244
51.004284048823024, -56.20950720435991, 81.59842275383646
52.90387482855761, -55.58371696167269, 83.45729557123258
54.668147998070175, -54.641846276415556, 86.55429480413672
56.25429560926621, -53.422953380878354, 82.79186633863263
57.63915788579578, -51.9787073817927, 77.80825286442222
58.83289156430269, -50.37191859599604, 72.48066963208959
59.95047590923212, -48.71024349797245, 66.72654812423804
61.02327444607021, -47.01936020482258, 60.4271010847693
62.026853037942544, -45.28664050137588, 53.3899461635928
62.91340226023086, -43.49171402584253, 45.27376356004742
63.56424444413074, -41.600770658788576, 35.35233279031457
63.654402343152725, -39.61459090762816, 24.48450820926954
62.88224220844711, -37.779064735580995, 24.074088867859743
61.915138322750735, -36.02714689782483, 28.822848366852128
61.34536755358709, -34.113182995949956, 28.281270725865433
61.22072799422797, -32.117495670997094, 0.00002384319890152285
61.22072799422799, -32.11749567099567, 0
61.73338001007898, -12.124067052806044, 0
endData
200
200
200
-62.468009379509375, -45.837590909090906, -47.70851298701299, -46.461231601731605, -68.49653607503608, -26.08896897546897, -57.27100360750361, -31.285974747474746
-57.27100360750361, -31.285974747474746, -46.04547113997114, -36.48298051948052, -22.970765512265512, -22.76288528138528, -6.756107503607503, -23.802286435786435
-6.756107503607503, -23.802286435786435, 9.4585505050505, -24.84168759018759, -23.80228643578643, -20.26832251082251, -24.633807359307358, -0.5197005772005772
-24.633807359307358, -0.5197005772005772, -25.46532828282828, 19.228921356421356, -21.09984343434344, 25.46532828282828, -6.963987734487734, 24.2180468975469
-6.963987734487734, 24.2180468975469, 7.171867965367976, 22.970765512265515, 21.307723665223673, 28.99929220779221, 35.85933982683983, 42.511507215007214
35.85933982683983, 42.511507215007214, 50.41095598845599, 56.02372222222222, 56.02372222222222, 57.06312337662337, 61.636488455988456, 50.20307575757575
61.636488455988456, 50.20307575757575, 67.2492546897547, 43.34302813852813, 59.34980591630591, 40.64058513708514, 60.389207070707066, 30.870214285714287
60.389207070707066, 30.870214285714287, 61.42860822510822, 21.099843434343434, 45.62971067821068, 44.382429292929295, 36.275100288600285, 36.06722005772006
36.275100288600285, 36.06722005772006, 26.920489898989892, 27.75201082251082, 17.98163997113997, 19.852562049062048, 20.26832251082251, 12.7846341991342
20.26832251082251, 12.7846341991342, 22.555005050505052, 5.716706349206351, 35.23569913419914, 7.3797481962481974, 42.511507215007214, 7.587628427128427
42.511507215007214, 7.587628427128427, 49.78731529581529, 7.795508658008658, 22.13924458874459, 5.924586580086583, 23.178645743145744, -4.261544733044733
23.178645743145744, -4.261544733044733, 24.2180468975469, -14.447676046176046, 23.270165391074602, -13.45488758036678, 41.26422582972583, -12.99251443001443
41.26422582972583, -12.99251443001443, 59.25828626837706, -12.530141279662079, 27.12837012987013, -26.50472943722943, 27.33625036075036, -37.93814213564213
27.33625036075036, -37.93814213564213, 27.544130591630587, -49.371554834054834, 48.54003391053391, -65.17045238095238, 58.51828499278499, -50.82671645021645
58.51828499278499, -50.82671645021645, 68.49653607503608, -36.48298051948052, 61.01284776334777, -40.22482467532469, 61.22072799422799, -32.11749567099567
